n = 1000
m = 25
rCouv = 1500
rCom = 1500
L = 1200
p = 1
d = Any[]
d_com = Any[]
clientPositions = [5572.44 1415.37; 3299.55 4049.12; 829.15 766.37; 4745.2 4726.92; 2725.39 5519.67; 4150.6 2132.02; 3040.73 2411.41; 1288.34 5984.23; 4125.5 4555.83; 1848.92 3966.02; 291.72 1113.99; 1700.14 1670.37; 3419.48 3900.83; 4732.33 1979.97; 406.39 2370.6; 1346.32 2438.1; 2921.35 1248.9; 3250.95 12.39; 4864.49 401.64; 655.22 5103.12; 3734.1 3751.71; 668.66 1913.43; 2554.08 3910.58; 4367.77 2083.97; 5530.88 1145.63; 2824.85 4214.31; 2020.14 1909.89; 5268.72 5507.52; 47.83 673.5; 893.38 5731.28; 5982.52 3751.15; 333.66 5616.82; 2318.69 377.85; 4753.65 5176.58; 4450.24 4925.49; 2896.9 4278.82; 197.91 5329.52; 462.43 2147.24; 313.25 4965.1; 2873.89 3230.9; 4476.54 4463.1; 4541.39 2366.15; 4745.09 4829.72; 4044.54 3590.16; 1833.36 5179.3; 1115.04 3257.92; 2878.88 5967.02; 5646.44 3769.85; 2567.01 4782.12; 1414.04 1661.97; 2010.35 1809.13; 3071.33 5937.8; 855.75 2207.04; 2516.32 2417.41; 5638.63 3914.94; 4657.64 1559.82; 962.29 3685.46; 2404.43 4753.67; 4789.04 482.35; 3909.76 225.8; 2918.53 4003.16; 5322.02 5460.29; 508.08 126.99; 1322.35 713.78; 2577.49 5013.68; 1377.05 3153.83; 4510.63 2158.74; 199.8 4830.31; 2628.65 3682.61; 778.82 1167.12; 1276.52 516.54; 1832.31 5911.11; 1342.3 5969.9; 2834.15 4911.82; 917.63 4622.23; 3589.47 1779.6; 4061.1 528.05; 2960.92 2312.97; 1076.88 1021.99; 1561.83 4668.64; 3637.94 4229.45; 531.12 4111.98; 378.01 5098.27; 2564.57 351.1; 3727.26 969.41; 3834.26 4905.93; 3354.84 4906.04; 1461.23 2662.9; 1481.54 4344.91; 5017.85 3411.32; 2482.51 675.69; 4700.66 1163.45; 1525.27 4920.61; 2836.3 2144.92; 5629.75 2585.46; 409.64 1631.45; 1461.83 4021.85; 5126.03 3647.66; 3452.64 2205.86; 2966.6 2213.16; 4622.21 353.84; 2581.54 5757.38; 2405.6 591.47; 4102.43 4989.17; 470.17 1813.78; 1002.52 5212.29; 5867.62 5321.98; 1066.63 2196.42; 1390.21 5125.74; 2228.13 1772.86; 2454.08 5883.49; 1459.43 5900.91; 3673.48 2346.76; 1587.43 3762.73; 4122.53 1756.22; 311.54 3988.35; 4603.15 224.26; 473.55 2141.53; 5444.46 5734.17; 3621.76 630.08; 800.65 1653.32; 568.84 2579.92; 746.63 256.58; 5087.58 5824.54; 5361.28 5431.41; 5103.99 5605.09; 4033.71 5682.55; 1267.6 4388.54; 477.67 2687.38; 2013.87 482.71; 2760.44 2179.58; 213.57 3071.05; 1636.04 2674.78; 2921.73 529.05; 3720.51 5288.45; 530.56 3324.92; 2671.79 809.89; 2981.43 4329.19; 1537.88 4165.41; 5368.44 2580.56; 85.97 2715.36; 2601.38 2730.06; 1739.56 3865.27; 4397.2 3204.73; 1962.26 4950.34; 4960.49 3664.22; 3693.52 1867.96; 880.37 994.8; 5048.73 3533.99; 2501.15 478.57; 2784.91 4413.1; 4085.72 1608.99; 2420.92 399.31; 2434.3 1916.65; 508.67 3109.83; 5984.32 4613.35; 1021.5 5471.35; 2547.32 674.5; 974.09 4525.83; 5446.4 879.38; 3472.45 3658.6; 581.44 958.62; 917.61 3123.27; 5958.58 2361.76; 5068.18 5190.79; 2337.35 3228.04; 4038.77 1396.82; 4366.22 574.88; 512.8 173.45; 3711.96 4628.94; 236.21 3700.36; 4864.91 0.7; 5521.14 5711.32; 5342.44 5981.68; 1664.45 5782.13; 1841.15 3084.71; 2829.68 3277.6; 2017.45 5489.36; 5757.2 3645.39; 2625.01 733.55; 5707.55 5654.44; 2149.61 776.9; 3420.34 3619.52; 3515.73 3023.27; 929.08 46.85; 5562.81 5730.16; 2552.46 3047.52; 3357.4 4779.0; 2187.8 5844.41; 991.5 2759.02; 3099.84 5041.35; 35.43 2502.45; 1395.73 4915.04; 644.15 3327.8; 5759.01 1753.07; 899.74 4190.92; 5024.77 2450.23; 105.47 287.87; 1791.52 3347.12; 3565.1 5286.91; 3799.03 4458.21; 3187.03 2054.39; 4009.48 952.05; 3475.12 4884.83; 5066.34 1166.44; 884.46 5500.83; 5308.15 2140.73; 2043.74 5419.64; 3265.99 1847.16; 799.01 54.98; 1526.66 4825.48; 286.79 902.3; 1388.75 2153.54; 2664.68 4528.44; 4600.86 3767.37; 3936.33 2497.82; 3366.94 2810.59; 5427.13 5430.27; 4177.4 4864.0; 3997.54 4295.61; 3738.17 327.99; 4155.53 3349.4; 5551.65 1277.82; 3097.7 4530.44; 5654.64 3567.27; 2530.59 760.05; 1637.45 4756.44; 3239.65 3704.03; 1200.5 5473.88; 2778.87 3946.55; 2813.61 3273.44; 5682.3 3326.17; 4356.72 3051.0; 1648.54 2275.35; 4304.24 5447.9; 1422.56 4906.82; 4348.26 4215.55; 5862.62 1104.43; 97.02 3780.58; 1230.65 4093.37; 1958.69 2832.57; 5215.74 3702.15; 463.71 2766.54; 3951.48 665.42; 71.33 1308.53; 5980.11 5856.71; 4975.86 1106.57; 1629.85 2887.01; 1316.13 4352.1; 4861.81 979.18; 764.59 446.45; 2670.12 5423.86; 2326.52 2826.25; 5891.4 3002.41; 2253.77 1136.12; 3505.02 5710.03; 1556.15 4945.96; 524.84 328.02; 3309.97 5484.05; 2307.37 981.84; 3936.45 97.64; 4228.43 4615.38; 31.35 5191.06; 5200.72 5488.25; 2274.67 4150.8; 300.5 5462.8; 4534.69 540.09; 5184.75 5839.07; 15.75 54.3; 4537.79 4708.75; 4818.02 348.14; 5851.06 3538.85; 4.25 4927.97; 4841.08 1354.59; 5506.34 5034.87; 5444.41 3720.42; 1895.23 5821.7; 5162.19 5774.2; 284.84 5599.9; 1535.84 2597.69; 5217.81 5822.09; 299.92 3099.16; 2076.08 5050.5; 4413.22 4584.24; 931.37 3892.53; 4747.86 4175.28; 4621.69 4408.3; 4189.91 5995.66; 4219.32 1306.69; 421.67 4105.42; 1790.53 4814.99; 4020.88 374.55; 1298.66 5069.73; 2407.88 2885.76; 322.47 5733.38; 5473.11 5105.47; 4369.29 2695.71; 1081.2 3585.61; 1820.98 1792.4; 5980.69 1095.42; 5290.83 2058.62; 3742.36 395.12; 4606.55 4966.09; 3278.83 4691.04; 5925.76 1263.01; 3321.26 5643.07; 4128.88 1189.09; 649.11 1347.95; 129.95 1594.03; 612.1 499.96; 4355.62 2905.31; 4009.57 1621.26; 5686.52 5583.93; 2431.23 3652.34; 5547.04 2566.28; 302.71 1794.11; 4193.44 3437.7; 3297.27 255.23; 803.96 1175.14; 2590.58 3837.61; 946.54 4009.02; 3335.17 907.11; 306.61 1846.35; 999.62 3339.22; 651.78 3661.9; 4939.25 2173.53; 4937.46 4999.3; 1322.68 4003.94; 5065.35 4906.58; 2799.3 2367.18; 1923.37 5304.72; 2798.93 877.79; 1560.56 2179.17; 3547.28 55.06; 5742.04 2917.29; 2419.92 886.29; 1898.02 4503.53; 3067.85 3585.07; 4779.09 5639.22; 4775.76 2236.64; 5833.55 2927.01; 2003.66 42.88; 4458.57 3193.59; 5943.76 269.32; 3884.42 3060.72; 1684.66 4596.18; 2220.62 3066.32; 4465.17 2768.16; 1816.41 5017.7; 1293.41 5354.54; 5709.56 3373.4; 3438.49 2825.67; 1174.05 567.6; 4087.91 2196.53; 295.79 170.76; 220.21 871.52; 899.74 3970.44; 1293.31 1404.74; 3337.57 2957.4; 3267.09 4923.91; 3513.56 3559.74; 3826.79 4900.2; 4427.42 5153.03; 2903.93 1354.94; 681.74 4358.75; 1350.05 3449.04; 5987.34 3673.9; 162.14 518.0; 4229.22 2596.63; 167.62 4263.07; 4631.98 2613.1; 3267.5 5716.17; 1261.65 5653.79; 4797.36 1144.93; 1600.57 2776.59; 808.93 4240.93; 3550.86 3957.36; 4910.91 2847.4; 2820.0 5321.37; 5700.63 830.04; 5499.58 2691.78; 2612.96 5329.14; 905.91 3002.62; 5552.48 5508.43; 2797.05 4147.83; 4247.69 75.22; 956.25 1922.76; 2458.48 3016.27; 3127.73 2632.34; 1890.1 52.72; 2684.82 5506.17; 1864.23 4684.89; 4291.72 709.99; 2801.96 2079.77; 2688.95 654.01; 390.32 5639.45; 4865.34 2030.9; 464.55 359.26; 1682.04 4831.21; 452.94 3292.32; 3692.88 3584.89; 71.0 4864.35; 4233.07 3965.37; 5145.71 2819.87; 4654.82 2290.2; 5379.03 4960.89; 2199.35 4573.23; 3530.29 1833.09; 5666.95 1199.61; 506.1 3976.62; 192.82 5485.99; 1828.76 1763.96; 4260.74 5313.51; 2278.75 2070.55; 2305.13 4377.8; 4513.48 2750.8; 289.02 5126.82; 565.78 2561.44; 2763.4 3082.94; 4795.85 2539.29; 2465.34 5999.89; 5417.42 4511.98; 3455.11 4342.28; 4302.92 416.56; 5166.2 2774.25; 4972.64 3685.75; 391.23 4955.69; 3224.96 3037.65; 5600.57 478.22; 2709.74 2124.46; 3008.34 4274.31; 3567.23 3252.12; 4791.48 3015.16; 2179.34 5963.8; 2973.41 4972.78; 217.45 5030.3; 397.8 2305.97; 221.78 4554.88; 229.69 477.43; 256.21 5382.81; 5193.7 3176.58; 5021.75 4006.75; 94.28 3953.58; 1154.38 4729.95; 3038.67 242.41; 5730.22 608.89; 5116.81 5398.37; 1784.88 4346.39; 5880.79 1042.04; 1103.05 1206.44; 3732.93 3111.37; 4819.96 135.46; 3719.04 2813.09; 1440.21 2291.77; 4205.72 3940.74; 5578.17 4153.41; 3586.21 4320.94; 1222.22 1515.51; 5183.08 5369.83; 4228.77 4841.07; 174.62 3130.02; 5474.42 1814.09; 1513.88 3258.68; 2265.52 177.38; 5690.35 3278.97; 3098.5 818.79; 3166.99 1115.02; 767.6 1544.29; 3763.84 3880.18; 417.17 3498.9; 1998.16 5269.83; 2686.41 3353.99; 1477.5 2160.09; 5807.7 4764.03; 3469.1 5507.68; 3490.8 3884.7; 2562.34 4346.74; 3479.63 427.53; 1564.66 1416.51; 5607.26 3115.55; 3942.93 4529.72; 745.46 906.09; 63.56 3203.02; 293.29 4211.4; 5353.99 2680.76; 1375.96 1886.46; 1599.42 2969.19; 1919.13 2462.45; 663.03 1555.62; 2370.19 2224.4; 1174.5 2886.47; 2221.63 166.41; 2910.52 5137.41; 302.87 234.07; 728.06 1491.24; 1254.11 3493.27; 4768.77 1661.77; 412.94 2461.32; 5074.32 5420.1; 3268.56 4872.52; 2174.14 5496.34; 531.17 5441.93; 3501.91 562.65; 873.51 1919.2; 4651.94 485.85; 4236.98 1888.22; 4953.34 4247.46; 3890.72 3981.25; 3855.16 164.79; 5395.09 395.17; 837.67 4620.41; 1262.95 4729.01; 3757.06 4783.19; 4882.0 4678.92; 242.99 3519.92; 5683.14 5721.8; 1656.61 3539.52; 2.98 4200.68; 4029.96 2442.94; 3329.66 828.28; 3542.01 1934.1; 1581.97 5515.95; 4529.39 13.25; 5009.68 48.75; 2025.14 282.87; 3497.76 599.41; 5426.37 3627.88; 236.33 1181.82; 1931.34 3522.67; 2611.88 5380.67; 3468.3 2965.95; 2875.45 3684.34; 4469.27 850.43; 1417.93 5366.68; 2082.23 1268.7; 763.0 5386.34; 385.12 18.24; 3450.0 2821.76; 3018.36 3042.39; 5982.79 5552.28; 5032.71 3870.21; 5258.33 3985.06; 1325.3 2105.48; 1999.18 4333.89; 4328.34 5743.33; 4994.8 4880.07; 184.24 4629.97; 2107.56 918.11; 864.59 3264.32; 1627.26 652.69; 5584.46 5668.18; 1136.07 532.64; 3602.32 2709.56; 1358.45 1259.94; 5784.94 3310.25; 4061.02 802.08; 5981.67 3578.93; 2897.59 5286.4; 5206.59 5964.79; 1741.31 5190.35; 5267.12 3791.22; 3435.86 5962.41; 2004.53 1973.32; 55.91 4405.66; 3782.48 4382.58; 994.57 2486.24; 3602.55 5760.76; 4172.05 1587.46; 2294.34 2492.37; 5785.7 415.46; 3687.0 280.35; 3604.49 831.37; 4712.38 3579.98; 1143.21 3152.27; 5900.85 1715.58; 1240.39 4026.69; 5254.43 4916.3; 2621.46 1631.13; 826.64 1781.3; 3687.88 5912.8; 64.58 2385.4; 3612.62 4035.33; 254.43 4225.0; 4406.2 3037.48; 5750.89 4325.28; 4593.31 5793.74; 1674.7 1266.37; 2233.1 3173.08; 5442.49 164.39; 1642.5 3154.49; 1209.92 3836.91; 1622.28 1220.07; 3583.1 5420.71; 3658.23 3621.4; 2130.88 5441.58; 811.12 5619.73; 4180.24 2375.69; 1898.87 535.76; 3559.09 1156.85; 110.67 4765.47; 3922.77 4910.62; 5594.33 5282.13; 5855.81 1559.96; 3783.96 5.33; 948.17 1035.51; 635.58 116.86; 69.76 5789.83; 3092.57 7.48; 950.98 3942.51; 5412.53 1806.67; 4222.28 5397.98; 2409.47 4592.57; 2151.31 5679.12; 1515.09 3585.21; 2048.76 2879.34; 5162.86 1954.92; 1476.14 3534.82; 5455.87 515.06; 3687.02 971.66; 5808.16 2637.53; 4481.15 3379.02; 2844.19 476.34; 5836.11 1441.32; 5362.72 4572.56; 5121.72 3146.91; 1748.74 4981.16; 459.21 4099.01; 2147.79 735.94; 5058.89 1778.69; 4361.09 2829.83; 389.18 4036.34; 5882.23 1046.07; 478.16 1944.48; 2836.7 5612.5; 280.19 4777.59; 1974.69 3779.07; 5595.12 4279.4; 1456.46 1067.14; 5835.5 3298.57; 1952.73 5823.87; 1125.0 2727.73; 4196.55 4495.42; 1943.22 4233.07; 2504.93 2687.65; 3610.15 3688.48; 5750.26 5762.28; 5019.29 3806.05; 5391.94 3611.76; 4748.77 5422.94; 3042.41 1788.03; 3373.89 2941.46; 3115.93 4944.14; 4948.56 4851.36; 4766.75 4246.97; 4756.07 3921.88; 1810.18 3460.06; 1499.55 1028.37; 1029.86 5937.11; 1690.09 5134.89; 994.85 2708.36; 4635.58 1954.18; 4669.84 1299.58; 395.72 4390.28; 2245.64 3381.63; 3670.52 1538.01; 1085.11 5454.26; 5320.68 4070.0; 368.15 580.69; 1328.36 4779.67; 3623.77 2138.27; 525.55 4283.93; 1841.87 2632.05; 1561.81 4654.4; 4771.69 1078.03; 1896.32 5974.58; 5406.29 3364.59; 2693.41 3057.53; 4355.87 3314.91; 3599.25 2255.44; 5579.29 108.53; 2282.74 2764.08; 2241.81 4846.78; 2391.44 120.13; 2316.67 1816.18; 604.76 163.95; 5296.84 5683.37; 2989.53 5524.47; 2325.16 5834.71; 5443.7 5478.09; 4857.09 4441.12; 1400.32 3099.93; 2654.7 1212.81; 1776.25 841.82; 3877.4 4372.26; 5116.8 2521.29; 4049.76 5033.26; 673.75 2812.61; 5884.36 390.13; 237.41 4377.99; 2245.21 1215.65; 2098.7 2095.4; 870.32 698.64; 4040.65 3554.97; 5263.04 131.16; 1897.18 1889.78; 4121.9 2194.04; 5651.89 4345.88; 1709.55 4309.81; 5530.26 1818.0; 1220.35 373.09; 5700.48 4158.77; 3083.77 87.74; 5082.23 1270.97; 3338.0 3417.9; 5528.1 5677.21; 3040.74 3880.92; 3711.35 5135.25; 4354.93 2637.85; 1498.65 4518.75; 3319.0 5748.83; 3668.58 2833.82; 3328.01 4172.06; 607.62 2444.24; 1917.6 162.48; 2705.13 397.39; 3895.5 3122.36; 3432.38 4303.09; 5122.3 4099.65; 196.33 3847.07; 373.52 936.97; 4425.75 4701.65; 2241.28 4099.88; 1034.26 5149.26; 1499.96 378.29; 499.18 4028.78; 3324.12 429.43; 3023.38 4553.63; 1419.88 3837.94; 2221.53 121.19; 5965.01 1860.01; 5000.2 2845.18; 614.29 5025.87; 1302.76 2108.61; 2585.08 5212.69; 822.13 1872.34; 217.55 2597.36; 5389.88 1174.31; 2446.29 4745.62; 2541.7 824.34; 2800.76 716.17; 2787.78 2235.2; 739.81 4330.43; 588.52 5087.0; 4038.25 913.87; 1886.59 4903.55; 3156.06 4175.78; 1409.25 464.18; 3059.59 2221.81; 2923.5 3949.08; 1987.97 841.81; 5425.49 3736.13; 5747.06 4311.07; 2216.81 3355.61; 2526.17 5005.16; 2166.14 655.96; 4913.2 2913.26; 5326.62 5458.04; 1806.95 3324.93; 3101.76 1253.53; 3343.45 2714.57; 4470.36 3988.89; 1996.58 4217.59; 5936.39 5257.41; 5760.64 1289.39; 2564.87 1586.23; 1395.81 2800.96; 2842.44 4506.11; 4521.83 5499.51; 5828.7 4708.24; 698.12 5636.46; 152.15 5244.68; 2110.07 4282.38; 3990.66 2458.61; 2648.64 4720.75; 3564.55 3198.18; 3553.04 4332.46; 5893.11 984.13; 5853.55 3349.92; 4596.14 5937.61; 2495.74 3000.73; 41.48 4258.64; 4000.94 4680.98; 625.74 144.91; 3231.41 3892.29; 1949.86 669.98; 2804.74 5455.42; 3902.06 2979.81; 723.58 4586.53; 3555.01 4348.08; 4683.47 1467.83; 785.27 2859.76; 3681.7 315.47; 675.17 3632.26; 4450.86 2247.21; 635.83 5304.17; 2797.05 631.56; 3206.26 3926.44; 1772.55 1559.88; 1635.11 86.33; 1647.71 151.07; 617.85 5806.21; 2750.51 3617.78; 5370.07 3488.5; 5290.37 2860.59; 3709.91 1864.52; 2957.47 4903.37; 3525.52 4231.11; 4713.16 3692.9; 1025.65 3582.92; 5277.1 846.27; 4214.99 5428.67; 1528.0 4368.81; 2882.16 3453.94; 3267.42 3427.46; 5314.2 4332.54; 3499.16 2686.28; 372.36 5167.16; 2052.77 2153.82; 324.65 1133.85; 5299.57 3690.4; 4647.33 511.12; 4156.27 2171.06; 3326.15 5221.34; 5632.57 5871.85; 1630.96 1248.4; 1122.75 631.78; 2524.07 4493.28; 580.22 4118.92; 5404.73 539.3; 4469.38 2907.32; 936.76 1215.98; 3685.62 2232.31; 2689.06 4439.62; 1844.76 210.52; 4074.21 1108.54; 3619.97 5556.72; 4585.39 2815.38; 5874.72 578.63; 602.09 4921.02; 4793.85 506.05; 3317.36 969.87; 3224.54 702.91; 5829.28 5231.97; 3281.25 4463.99; 3779.18 2232.73; 319.6 5112.52; 5431.03 730.26; 5900.5 2491.62; 1217.16 2989.36; 3899.31 2540.05; 1675.99 516.92; 4331.55 1647.03; 146.97 2595.12; 420.0 2914.81; 5276.31 618.49; 3861.2 1439.31; 4690.84 4948.99; 5087.26 3323.51; 2822.5 5425.02; 798.68 5433.43; 359.92 4050.11; 2642.36 2130.45; 2046.51 4371.65; 5580.68 4781.08; 804.55 1637.18; 3356.08 0.57; 3581.57 861.76; 283.92 2619.32; 1132.28 5831.96; 2288.7 4796.81; 2421.48 1024.84; 1603.8 1726.92; 4070.63 2375.3; 4313.18 3492.27; 4183.28 4139.69; 1193.86 618.61; 4310.37 5401.34; 3416.24 4508.12; 5016.67 909.7; 1808.97 2632.41; 1257.04 5404.17; 4561.35 3877.75; 3650.76 2909.45; 3293.82 5453.33; 5891.53 4559.75; 4824.18 2246.0; 4676.68 5021.69; 2795.57 5785.77; 4714.69 2260.61; 5978.13 1495.44; 4053.31 3788.97; 5928.0 195.54; 966.15 612.31; 5173.25 4788.59; 937.58 3811.05; 1256.95 2304.37; 3522.26 2670.63; 137.18 2361.11; 560.0 2401.63; 3077.8 2859.64; 2063.94 1030.18; 225.81 107.32; 5639.51 539.23; 3155.35 1863.87; 845.43 5051.75; 4494.35 3212.4; 5529.18 405.58; 5990.06 2191.8; 5053.19 4236.88; 1041.44 325.76; 3975.31 2068.78; 1303.11 5481.66; 2920.01 1780.35; 4836.24 5564.11; 3448.87 4888.83; 4853.18 1080.29; 1461.67 3866.01; 4180.82 697.74; 5673.38 4109.24; 1615.36 1819.89; 3756.05 1738.06; 3880.46 179.32; 2639.57 2333.32; 1121.76 3267.6; 5699.18 542.89; 2774.04 2292.0; 1444.52 54.68; 4808.36 1275.59; 4297.7 1382.68; 2457.63 135.0; 2248.91 2560.55; 4771.41 1277.36; 1584.05 2934.84; 814.98 1533.74; 4222.06 1591.16; 911.3 4868.63; 3087.22 4597.15; 4321.17 814.94; 914.73 3448.09; 5369.58 1128.74; 4046.13 408.6; 5379.27 3538.73; 4535.06 2233.12; 5039.34 5155.68; 4265.96 691.31; 1890.45 4682.91; 1934.6 5489.29; 5068.17 3849.1; 113.22 359.65; 2139.98 5876.13; 1731.72 1790.32; 4128.44 2134.09; 2911.17 1226.68; 1564.62 3211.0; 3809.98 4133.4; 4298.62 5655.37; 231.01 2954.59; 3278.13 2368.25; 5111.37 85.2; 4075.05 61.83; 3152.15 5360.27; 3923.86 1092.65; 4224.4 1334.1; 2076.35 1676.55; 4777.82 919.87; 765.52 5259.5; 5996.82 5861.27; 3838.96 5495.87; 4342.99 3344.85; 414.3 859.98; 5270.58 1708.2; 926.53 50.58; 86.19 437.89; 3444.4 1456.54; 976.18 2922.98; 2649.54 2468.03; 3091.79 2344.97; 859.93 2362.92; 4592.22 5395.36; 5423.03 4948.08; 1066.81 5736.01; 4434.39 330.47; 4204.75 5317.27; 4994.52 1209.85; 3642.37 2519.77; 5690.38 4977.17; 2979.66 2036.99; 405.71 2260.45; 4147.52 1687.67; 1854.52 1666.27]
sitesPositions = [0.0 0.0; 1500.0 0.0; 3000.0 0.0; 4500.0 0.0; 6000.0 0.0; 0.0 1500.0; 1500.0 1500.0; 3000.0 1500.0; 4500.0 1500.0; 6000.0 1500.0; 0.0 3000.0; 1500.0 3000.0; 3000.0 3000.0; 4500.0 3000.0; 6000.0 3000.0; 0.0 4500.0; 1500.0 4500.0; 3000.0 4500.0; 4500.0 4500.0; 6000.0 4500.0; 0.0 6000.0; 1500.0 6000.0; 3000.0 6000.0; 4500.0 6000.0; 6000.0 6000.0]
clientHeight = [3.9981267775, 44.210530000000006, 44.977545000000006, 7.61372925, 117.6931425, 22.496658500000002, 210.070775, 95.528775, 15.09553275, 62.5965475, 15.56066375, 101.36045250000001, 121.4473075, 27.90050875, 60.9189825, 70.8316275, 48.404115000000004, 72.027605, 4.924169, 62.2257475, 110.07177499999999, 14.185635000000001, 39.4221025, 8.8670505, 14.266887999999998, 31.132170000000002, 101.4723625, 2.9710834, 27.669577499999995, 69.10279, -9.092455e-5, 7.1271865, 186.258625, 4.84318475, 6.66588, 23.72283, 0.0, 50.29176, 15.7614425, 278.77255, 8.846831000000002, 7.38047325, 4.931099, 200.49237499999998, 155.782675, 110.45090249999998, 100.68306, 1.16991432545, 70.7810825, 75.8521025, 101.4723625, 100.68306, 26.66786, 175.369875, 1.16991432545, 61.033295, 115.858735, 70.7810825, 4.924169, 35.838159999999995, 34.297537500000004, 2.9220277500000003, 61.6159975, 97.8540975, 105.4100275, 65.528855, 6.944074499999999, 0.0, 95.13647499999999, 21.78827125, 79.698735, 199.26659999999998, 164.323295, 48.442032499999996, 134.4063325, 78.0037475, 51.4748975, 210.070775, 47.818889999999996, 195.12539999999998, 63.0308425, 124.558555, 15.2970925, 182.057475, 58.278655, 7.1394815, 21.4649925, 62.712345, 163.14015, 36.73708675, 185.216475, 14.94053525, 191.028375, 165.743025, 0.0, 14.76184, 126.47070000000001, 51.23570625000001, 119.358225, 174.38415, 21.69033175, 157.4954, 185.216475, 6.5630695, 29.6589525, 129.52343, 0.269439, 49.4326675, 170.01189999999997, 95.815095, 157.4954, 164.323295, 108.09464499999999, 85.42415249999999, 35.821765, 86.74079225, 25.02334525, 50.29176, 2.9710834, 63.44179, 26.033612499999997, 58.08448, 66.94372000000001, 4.825551, 2.9220277500000003, 3.9243565, 11.6525105, 183.992075, 75.73015749999999, 158.779725, 165.743025, 45.7692725, 82.79345500000001, 102.43988, 17.250245, 132.1997075, 89.8373325, 23.72283, 126.47070000000001, 0.94504425, 40.9597375, 196.6564, 85.42415249999999, 60.481412250000005, 162.05270000000002, 51.23570625000001, 54.02024, 44.977545000000006, 51.23570625000001, 182.057475, 32.090745, 79.8110825, 182.057475, 92.1210825, 114.00062249999999, 3.1864422325, 114.22318000000001, 185.216475, 134.4063325, 30.1932325, 213.18395, 30.08398625, 116.9179975, 0.0, 2.97683125, 84.37559999999999, 92.6968925, 22.64639725, 61.6159975, 11.97621825, 15.27843975, 8.87218375, 2.2707374000000002, 3.96768815, 205.319875, 63.32581999999999, 128.9870175, 163.113975, 0.0, 135.05645, 2.2707374000000002, 145.712775, 213.18395, 246.38232499999998, 114.837565, 2.2707374000000002, 116.381945, 21.4649925, 186.63675, 68.01289249999999, 47.6694925, 40.9597375, 191.028375, 132.1997075, 0.47539685, 168.27965, 4.0054435, 35.043525, 61.218725000000006, 26.778685, 33.532624999999996, 172.31915, 46.3140175, 12.2048415, 10.54869925, 69.10279, 0.0, 163.113975, 93.040385, 114.837565, 191.028375, 24.27199875, 72.06767749999999, 38.85018, 137.29797, 63.71766349999999, 272.27700000000004, 2.9220277500000003, 6.9440745, 45.24331, 48.67108999999999, 219.093775, 3.9981267775, 26.492165, 0.8898874999999999, 128.68694250000001, 178.433225, 151.63700500000002, 147.6994925, 50.761134999999996, 128.9870175, 0.29175, 60.481412250000005, 98.153595, 6.157264250000001, 191.028375, 48.12683, 22.2734835, 7.16459225, 166.358575, 70.0769075, 51.23570625000001, 110.14266749999999, 51.4748975, 11.38032275, 3.3009877249999997, 10.54869925, 64.20538499999999, 163.14015, 33.1967225, 66.94372000000001, 105.777795, 112.95738499999999, 0.0, 101.60019000000001, 34.100182499999995, 191.028375, 66.94372000000001, 38.103715, 145.712775, 30.394115, 11.65802, 0.0, 3.856799, 44.5915, 12.749735, 14.523142499999999, 4.825551, 38.4247725, 6.41671825, 4.924169, 0.0, 0.0, 33.92357525, 0.0, 5.20160125, 199.26659999999998, 4.825551, 7.1271865, 62.712345, 3.96768815, 114.00062249999999, 155.782675, 11.65802, 150.69265000000001, 27.324725, 8.846831000000002, 6.213748, 73.59849, 51.7298325, 178.433225, 54.365915, 164.92485, 176.51184999999998, 7.1271865, 0.97400925, 50.666214499999995, 106.05655, 91.6037575, 22.2734835, 0.0, 48.67108999999999, 6.66588, 16.842505, 2.9584733275, 45.180685000000004, 62.971140000000005, 25.69295, 27.155005, 66.94372000000001, 35.71959225, 79.8110825, 2.2707374000000002, 61.712507499999994, 0.0, 29.6589525, 176.25698, 99.99832, 33.1157075, 39.4221025, 168.27965, 52.709095000000005, 29.6589525, 122.694835, 143.3903825, 12.297797749999999, 4.931099, 126.47070000000001, 2.919574, 202.76912499999997, 163.113975, 89.8373325, 72.06767749999999, 45.242850000000004, 0.0, 128.68694250000001, 138.272, 110.87530249999999, 3.82098025, 12.297797749999999, 0.0, 154.210775, 30.408563, 3.582504, 153.516355, 179.499, 84.37559999999999, 19.81124925, 170.69715, 147.6994925, 0.29175, 160.5888675, 79.698735, 22.496658500000002, 61.6159975, 18.485326750000002, 150.69265000000001, 47.1197, 272.27700000000004, 21.4649925, 213.18395, 7.1394815, 6.1858059999999995, 61.2373025, 104.4216625, 81.2838025, 0.0, 27.669577499999995, 50.666214499999995, 0.0, 19.68672725, 45.180685000000004, 134.9847675, 14.94053525, 64.20538499999999, 168.27965, 121.4473075, 6.919984749999999, 105.777795, 40.89231, 0.0, 105.777795, 116.9179975, 2.2707374000000002, 31.132170000000002, 35.64892999999999, 21.727774999999998, 116.381945, 233.66355, 154.210775, 117.6931425, 138.272, 22.64639725, 165.743025, 135.05645, 7.1271865, 12.297797749999999, 48.0127525, 178.433225, 97.80574750000001, 210.40022500000003, 0.0, 98.49239249999998, 5.52618925, 7.38047325, 3.10389975, 89.10654, 78.0037475, 14.266887999999998, 86.74079225, 0.0, 101.4723625, 6.157264250000001, 125.64124999999999, 64.9800925, 19.81124925, 15.2970925, 58.08448, 185.634575, 7.4762407500000005, 157.4954, 15.52131225, 25.1032075, 45.24786375, 5.52618925, 51.23570625000001, 15.7614425, 315.6139, 4.751975249999999, 165.743025, 23.72283, 280.3618, 17.377028749999997, 186.63675, 34.064555, 0.0, 60.9189825, 0.0, 35.043525, 0.0, 14.55038575, 10.0729785, 7.16459225, 182.43655, 116.9363125, 32.03252875, 3.856799, 123.78045999999999, 22.2734835, 47.818889999999996, 153.516355, 8.87218375, 80.708685, 70.8316275, 98.49239249999998, 6.54378482545, 25.1032075, 44.84896, 3.856799, 6.9440745, 45.7692725, 32.533245, 81.2838025, 173.01817499999999, 0.29175, 59.173637500000005, 56.0158375, 17.3475075, 110.07177499999999, 97.80574750000001, 163.113975, 128.9870175, 72.06767749999999, 1.3047225, 34.100182499999995, 121.4473075, 46.1755725, 54.1376025, 71.1359825, 0.0, 15.09553275, 30.08398625, 45.7692725, 51.7298325, 0.94504425, 69.39479, 64.20538499999999, 135.557225, 17.3475075, 142.696125, 56.108735, 173.01817499999999, 47.6694925, 61.6159975, 25.69295, 110.45090249999998, 46.7531625, 60.9189825, 3.856799, 21.4649925, 132.66942500000002, 56.5110725, 63.44179, 21.727774999999998, 21.69033175, 23.183788500000002, 27.324725, 110.07177499999999, 35.838159999999995, 5.0022305, 134.4063325, 182.43655, 7.1394815, 7.61372925, 15.27843975, 2.2707374000000002, 70.92011249999999, 5.4346775, 63.71766349999999, 52.709095000000005, 78.0037475, 197.77305, 25.02334525, 6.358601, 158.779725, 63.44179, 5.20160125, 11.052372, 53.8655825, 105.777795, 160.5888675, 110.87530249999999, 23.004476, 168.499325, 101.5059725, 56.5110725, 61.6159975, 160.5888675, 278.77255, 1.2199282249999999, 31.22520025, 4.2795005, 72.06767749999999, 89.2626625, 6.12842475, 2.919574, 0.0, 145.712775, 122.694835, 128.296525, 2.2707374000000002, 79.698735, 151.8899425, 71.1359825, 0.0, 46.3140175, 0.0, 55.568495, 4.825551, 170.69715, 4.2795005, 42.499002499999996, 101.4723625, 0.0, 33.532624999999996, 32.1657625, 42.499002499999996, 79.8110825, 149.3547, 3.582504, 48.67108999999999, 54.569289999999995, 150.4875925, 94.30795, 0.6023050775, 166.358575, 3.10389975, 66.94825, 21.727774999999998, 25.544024999999998, 37.674125000000004, 63.0308425, 5.4346775, 60.481412250000005, 2.5537594075000003, 4.1770225, 93.97835, 84.37559999999999, 3.7564404999999996, 55.835429999999995, 130.1473975, 94.51445000000001, 26.778685, 210.40022500000003, 132.66942500000002, 69.10279, 26.804816499999998, 166.21575, 79.5152325, 0.0, 6.5630695, 1.2434482500000001, 0.6023050775, 35.838159999999995, 33.1157075, 90.05856750000001, 2.15907966975, 116.9363125, 150.69265000000001, 32.533245, 6.157264250000001, 54.928555, 173.315275, 89.5985925, 70.0769075, 46.3010775, 89.5985925, 25.70748025, 58.278655, 0.0, 120.716605, 155.17239999999998, 2.9584733275, 15.52131225, 14.55038575, 178.433225, 51.7298325, 191.476875, 46.3010775, 35.71959225, 51.7298325, 22.2734835, 29.6589525, 117.6931425, 15.7614425, 62.5965475, 16.3564825, 67.131705, 0.0, 199.26659999999998, 48.788415, 31.0441915, 61.3989025, 196.6564, 213.18395, 3.3009877249999997, 31.22520025, 5.20160125, 4.2253195, 95.5731275, 272.27700000000004, 34.064555, 4.931099, 27.324725, 109.1701875, 61.218725000000006, 67.131705, 61.749930000000006, 170.69715, 45.073455, 20.49700725, 55.93569000000001, 35.4191625, 65.55609749999999, 90.20189, 147.6994925, 9.869918, 37.0912925, 191.028375, 119.358225, 104.4216625, 105.70601500000001, 195.12539999999998, 14.94053525, 199.26659999999998, 3.38156675, 185.634575, 176.25698, 169.6606875, 2.6082382500000003, 112.95738499999999, 116.97803250000001, 184.24355, 95.815095, 90.05856750000001, 2.9710834, 69.0663875, 186.63675, 2.9220277500000003, 9.59815525, 65.528855, 57.784555000000005, 127.62147499999999, 33.532624999999996, 4.94483225, 7.3221775000000004, 91.7924125, 3.582504, 0.0, 101.60019000000001, 125.64124999999999, 60.9018875, 200.49237499999998, 3.7564404999999996, 101.4723625, 22.496658500000002, 16.3564825, 123.78045999999999, 3.63188619, 108.1381325, 6.54378482545, 116.9363125, 14.61195175, 237.14989999999997, 2.2707374000000002, 61.93467, 10.88049825, 50.666214499999995, 195.12539999999998, 45.180685000000004, 80.708685, 44.210530000000006, 38.282305, 154.210775, 155.17239999999998, 153.516355, 25.1032075, 10.0729785, 7.16459225, 24.27199875, 11.65802, 44.5915, 129.52343, 123.30035000000001, 51.7298325, 99.99832, 26.492165, 105.46252, 173.01817499999999, 0.47539685, 5.52618925, 62.2257475, 49.4326675, 105.4100275, 21.727774999999998, 40.9597375, 9.399058, 54.928555, 128.68694250000001, 135.05645, 165.743025, 104.4216625, 62.2257475, 46.3140175, 162.05270000000002, 44.210530000000006, 123.30035000000001, 174.38415, 61.93467, 150.89205, 5.20160125, 2.5537594075000003, 65.55609749999999, 105.4100275, 191.476875, 6.919984749999999, 2.9220277500000003, 61.218725000000006, 61.2373025, 208.043525, 137.29797, 61.3989025, 0.269439, 2.9584733275, 81.137325, 57.5413475, 38.85018, 4.801705, 3.1864422325, 25.327272, 0.0, 64.9800925, 63.71766349999999, 38.85018, 246.38232499999998, 25.1032075, 31.168404874999997, 0.0, 4.1770225, 116.381945, 0.0, 15.09553275, 90.05856750000001, 96.14212500000001, 166.21575, 105.777795, 80.708685, 77.53264, 25.1032075, 55.93569000000001, 68.01289249999999, 48.67108999999999, 143.3903825, 6.944074499999999, 56.5110725, 135.05645, 96.14212500000001, 101.36045250000001, 170.15397499999997, 170.15397499999997, 27.5635285, 95.13647499999999, 3.38156675, 2.3646115, 54.02024, 34.064555, 63.0308425, 150.4875925, 115.858735, 30.1932325, 6.157264250000001, 163.14015, 176.77114999999998, 237.14989999999997, 21.1066775, 151.8899425, 15.2970925, 120.79087500000001, 15.56066375, 5.20160125, 14.523142499999999, 22.496658500000002, 28.810892499999998, 3.9529919, 94.51445000000001, 79.698735, 46.1755725, 124.558555, 25.70748025, 19.81124925, 33.1157075, 51.736095000000006, 32.090745, 154.210775, 62.971140000000005, 34.100182499999995, 19.81124925, 14.024149375, 43.888754999999996, 27.81057525, 52.709095000000005, 87.634375, 0.0, 22.275965, 51.736095000000006, 15.2970925, 25.70748025, 0.0, 56.108735, 116.18320499999999, 128.296525, 69.667465, 40.9597375, 110.14266749999999, 25.70748025, 116.98040250000001, 6.66588, 36.73708675, 105.777795, 114.22318000000001, 51.7298325, 165.743025, 89.2626625, 3.45490725, 26.033612499999997, 72.027605, 54.569289999999995, 75.73015749999999, 95.528775, 116.97803250000001, 84.2285975, 101.36045250000001, 63.71766349999999, 176.25698, 48.12683, 79.698735, 6.157264250000001, 11.53964575, 28.278385, 82.79345500000001, 147.6994925, 137.29797, 160.5888675, 38.103715, 3.1864422325, 12.297797749999999, 5.935136249999999, 129.86635, 7.480606249999999, 2.9584733275, 93.47348, 1.49410075, 60.9018875, 2.919574, 150.69265000000001, 50.2504725, 151.8899425, 37.674125000000004, 38.282305, 312.662575, 105.6803225, 38.4247725, 32.03252875, 93.040385, 129.52343, 30.408563, 4.751975249999999, 0.042954099999999995, 10.0729785, 88.04580999999999, 22.496658500000002, 147.6994925, 95.5731275, 3.82098025, 12.2048415, 14.94053525, 105.46252, 22.64639725, 6.54378482545, 91.6037575, 90.20189, 35.838159999999995, 202.76912499999997, 110.45090249999998, 32.03252875, 202.76912499999997, 164.28862499999997, 33.92357525, 73.59849, 184.24355, 141.027085, 33.92357525, 64.20538499999999, 26.033612499999997, 69.667465, 106.1332125, 26.492165, 24.386953500000004, 122.694835, 9.399058, 54.365915, 5.20160125, 6.944074499999999, 2.97683125, 22.64639725, 138.272, 163.113975, 31.22520025, 35.043525, 186.63675, 91.6037575, 22.496658500000002, 48.404115000000004, 65.528855, 78.0733225, 6.12842475, 57.5407225, 214.020875, 6.358601, 30.394115, 38.103715, 62.971140000000005, 73.59849, 108.5502125, 33.1967225, 56.5110725, 3.3009877249999997, 17.250245, 176.25698, 24.27199875, 38.044298749999996, 114.837565, 35.043525, 108.59368, 68.01289249999999, 202.76912499999997, 210.070775, 32.1657625, 4.801705, 3.10389975, 134.9847675, 45.24786375, 6.157264250000001, 10.54869925, 151.8899425, 3.45490725, 174.38415, 60.9189825, 79.8110825, 108.5502125]
